1 0
2 0
3 0
4 0
5 32
6 128
7 344
8 1072
9 3400
10 9832
11 27600
12 77000
13 211736
14 572560
15 1534512
16 4072664
17 10725424
18 28035128
19 72831272
20 188139616
21 483452824
22 1236865976
23 3150044696
24 7994665480
25 20209319824
26 50942982080
27 127962421824
28 320687278680
29 801143366296
30 1997602076552
31 4966779763168
32 12329439232200
33 30527860386992
34 75484369163224
35 186210111217424
36 458819438538312
37 1128115046251464
38 2770935352917584
39 6792798801813288
40 16637555689291416
41 40676790465262328
42 99373300795931616
43 242364133623772584
44 590707858625828504
45 1437491649208140872
46 3496048479579200872
47 8490332059028179808
48 20608208623611304512
49 49954313140066857200
50 121031607816712582376
51 292873222729293729816
52 708394108486970190608
53 1711431364737425915384
54 4133110162384736635624
55 9970450391427283589208
56 24043721922156690540960
57 57921146447387110559016
58 139487697930107546174960
59 335589961919790188980952

